 9000 9000   20   30   40   50   60   70   80   90   80   70   60   50   40   30   20 9000 9000
 9000   11   21   31   41   51   61 2071   81   91   81 2071   61   51   41   31   21   11 9000
    2   12   22   32   42 2052 1062 4072 1082   92 1082 4572 1062 2052   42   32   22   12    2
    3   13   23   33 1043 4053 1063 2073   83   93   83 2073 1063 4553 1043   33   23   13    3
    4   14   24 2034   44 2054   64   74   84   94   84   74   64 2054   44 2034   24   14    4
    5   15 1025 5035 1045   55   65   75   85   95   85   75   65   55 1045 5535 1025   15    5
    6   16 2026 2036   46 2056   66   76   86   96   86   76   66 2056   46 2036 2026   16    6
    7 1017 5027 1037 1047 3057 1067   77   87   97   87   77 1067 3557 1047 1037 5527 1017    7
    8   18 2028   38   48 2058   68   78   88 7098   88   78   68 2058   48   38 2028   18    8
    9   19   29   39   49   59   69   79   89 6099   89   79   69   59   49   39   29   19    9
    8   18 2028   38   48 2158  168  178  188 7798  188  178  168 2158   48   38 2028   18    8
    7 1017 5127 1037 1047 3157 1167  177  187 8190  187  177 1167 3657 1047 1037 5627 1017    7
    6   16 2026 2036   46 2156  166  176  186 8190  186  176  166 2156   46 2036 2026   16    6
    5   15 1025 5135 1045  155  165  175  185 8190  185  175  165  155 1045 5635 1025   15    5
    4   14   24 2034   44 2154  164  174  184 8190  184  174  164 2154   44 2034   24   14    4
    3   13   23   33 1043 4153 1163 2173  183 8190  183 2173 1163 4653 1043   33   23   13    3
    2   12   22   32   42 2152 1162 4172 1182 8190 1182 4672 1162 2152   42   32   22   12    2
 9000   11   21   31   41  151  161 2171  181 8190  181 2171  161  151   41   31   21   11 9000
 9000 9000   20   30   40  150  160  170  180 8190  180  170  160  150   40   30   20 9000 9000  
