1                           1       306       1           1          3.06000E+06
2                                             2           5          1.29991E+05
3                                             3           3          1.32943E+05
4                                             4           5          4.16692E+05
5                           2       348       1           1          1.74000E+06
6                                             2           5          7.75369E+04
7                                             3           3          7.95029E+04
8                                             4           5          2.50468E+05
9                           3       372       1           1          1.86000E+06
10                                             2           5          8.28842E+04
11                                             3           3          8.49858E+04
12                                             4           5          2.67742E+05
13                           4         1       1
14                           5         1       1
15                           6         1       1
16                          11        62       1           2          6.20000E+05
17                                             2           5          2.63380E+04
18                                             3           4          2.69362E+04
19                                             4           5          8.44278E+04
20                          12        52       1           2          2.60000E+05
21                                             2           5          1.15860E+04
22                                             3           4          1.18797E+04
23                                             4           5          3.74263E+04
24                          13        28       1           2          1.40000E+05
25                                             2           5          6.23860E+03
26                                             3           4          6.39678E+03
27                                             4           5          2.01526E+04
28                          22         8       1           0          1.57080E+02
29                                             2           7          4.55531E+03
30                                             3           6          1.09956E+04
31                                             4           1          6.42920E+04
32                                             5           5          3.39845E+03
33                                             6           3          3.47564E+03
34                                             7           5          1.08939E+04
35                          23        24       1           0          4.71239E+02
36                                             2           6          4.19403E+04
37                                             3           6          4.71239E+03
38                                             4           1          1.92876E+05
39                                             5           5          1.01954E+04
40                                             6           3          1.04269E+04
41                                             7           5          3.26817E+04
42                          31         1       1
43                                             2           5          2.28736E+05
44                                             3           2          2.76211E+07
